8.418112 0.001000
16.046303 0.002000
34.497791 0.003000
65.936928 0.004000
98.619965 0.005000
131.261017 0.006000
162.323349 0.007000
190.477936 0.008000
217.487411 0.009000
246.313660 0.010000
275.836609 0.011000
305.848907 0.012000
332.664978 0.013000
358.948639 0.014000
386.048065 0.015000
413.459351 0.016000
439.571289 0.017000
466.543854 0.018000
494.083832 0.019000
519.597778 0.020000
545.986938 0.021000
570.668335 0.022000
596.460999 0.023000
622.151733 0.024000
648.859436 0.025000
674.758423 0.026000
700.499207 0.027000
726.073120 0.028000
752.354248 0.029000
778.433899 0.030000
803.372803 0.031000
828.843323 0.032000
853.611023 0.033000
879.000977 0.034000
904.503418 0.035000
929.534119 0.036000
954.495178 0.037000
979.565796 0.038000
1004.361023 0.039000
1029.025391 0.040000
1053.625610 0.041000
1078.873657 0.042000
1103.693970 0.043000
1127.886841 0.044000
1153.338867 0.045000
1178.036499 0.046000
1202.902710 0.047000
1228.285400 0.048000
1253.007935 0.049000
1278.073608 0.050000
1303.403442 0.051000
1328.212769 0.052000
1354.145020 0.053000
1380.150757 0.054000
1405.635498 0.055000
1431.702148 0.056000
1457.043823 0.057000
1482.605835 0.058000
1508.919312 0.059000
1534.062622 0.060000
1559.437744 0.061000
1584.506226 0.062000
1609.889526 0.063000
1635.843018 0.064000
1661.843506 0.065000
1687.578491 0.066000
1712.438965 0.067000
1739.192505 0.068000
1764.985474 0.069000
1790.351074 0.070000
1815.982300 0.071000
1841.052612 0.072000
1867.269653 0.073000
1892.770508 0.074000
1918.294067 0.075000
1944.138550 0.076000
1970.785278 0.077000
1996.868164 0.078000
2022.666626 0.079000
2048.142334 0.080000
2073.819824 0.081000
2100.469238 0.082000
2127.239502 0.083000
2150.466309 0.084000
2170.678711 0.085000
2190.355713 0.086000
2209.755371 0.087000
2228.869629 0.088000
2248.009521 0.089000
2268.253906 0.090000
2287.406494 0.091000
2307.460205 0.092000
2327.449463 0.093000
2347.410156 0.094000
2367.723145 0.095000
2387.647217 0.096000
2406.841553 0.097000
2425.991211 0.098000
2445.475342 0.099000
2465.016113 0.100000
2484.039551 0.101000
2503.296631 0.102000
2522.441406 0.103000
2542.100830 0.104000
2562.553955 0.105000
2581.451660 0.106000
2601.127441 0.107000
2620.329590 0.108000
2639.531006 0.109000
2658.217529 0.110000
2677.689941 0.111000
2696.450684 0.112000
2715.660645 0.113000
2735.002441 0.114000
2754.517578 0.115000
2773.910889 0.116000
2794.104492 0.117000
2813.820068 0.118000
2833.762451 0.119000
2854.706787 0.120000
2874.284912 0.121000
2893.831055 0.122000
2913.067871 0.123000
2932.691406 0.124000
2952.572021 0.125000
2972.162842 0.126000
2992.220703 0.127000
3011.996582 0.128000
3032.361084 0.129000
3052.012207 0.130000
3072.348145 0.131000
3092.557617 0.132000
3112.188232 0.133000
3131.627930 0.134000
3151.314697 0.135000
3171.350830 0.136000
3191.764648 0.137000
3211.411377 0.138000
3231.669189 0.139000
3251.721680 0.140000
3272.028076 0.141000
3292.059814 0.142000
3312.067871 0.143000
3331.908691 0.144000
3353.122070 0.145000
3372.933838 0.146000
3393.482178 0.147000
3413.483643 0.148000
3433.362061 0.149000
3453.267334 0.150000
3473.004395 0.151000
3492.467773 0.152000
3512.155518 0.153000
3532.355469 0.154000
3552.966309 0.155000
3573.981934 0.156000
3594.145264 0.157000
3614.247803 0.158000
3634.027100 0.159000
3654.949951 0.160000
3674.869629 0.161000
3695.535156 0.162000
3715.533691 0.163000
3735.456055 0.164000
3755.625244 0.165000
3775.778564 0.166000
3796.013916 0.167000
3816.408936 0.168000
3836.673340 0.169000
3857.489258 0.170000
3878.558350 0.171000
3898.716797 0.172000
3918.834961 0.173000
3939.311523 0.174000
3960.143555 0.175000
3981.307861 0.176000
4001.227051 0.177000
4022.360596 0.178000
4043.184570 0.179000
4063.275391 0.180000
4084.519287 0.181000
4106.384766 0.182000
4127.674316 0.183000
4148.536133 0.184000
4170.673828 0.185000
4191.838867 0.186000
4212.519531 0.187000
4233.838867 0.188000
4254.626465 0.189000
4276.135254 0.190000
4297.489258 0.191000
4319.178223 0.192000
4341.694336 0.193000
4363.007324 0.194000
4384.928711 0.195000
4406.210449 0.196000
4427.342773 0.197000
4449.365723 0.198000
4471.009277 0.199000
4492.379395 0.200000
4513.697266 0.201000
4535.695801 0.202000
4557.483398 0.203000
4578.448242 0.204000
4599.783203 0.205000
4621.356445 0.206000
4642.573242 0.207000
4663.508301 0.208000
4685.042969 0.209000
4706.807129 0.210000
4727.890137 0.211000
4748.960938 0.212000
4770.285156 0.213000
4791.467773 0.214000
4812.615723 0.215000
4834.089355 0.216000
4855.860840 0.217000
4877.878418 0.218000
4899.224609 0.219000
4921.743164 0.220000
4944.402344 0.221000
4966.146484 0.222000
4988.388184 0.223000
5009.958008 0.224000
5031.674805 0.225000
5053.556152 0.226000
5075.757813 0.227000
5098.222656 0.228000
5120.262207 0.229000
5142.866211 0.230000
5165.124023 0.231000
5187.778320 0.232000
5210.301758 0.233000
5233.352051 0.234000
5255.710449 0.235000
5278.484375 0.236000
5301.937012 0.237000
5324.570801 0.238000
5347.671875 0.239000
5370.029297 0.240000
5392.968750 0.241000
5416.086914 0.242000
5438.456543 0.243000
5461.327148 0.244000
5483.993652 0.245000
5507.265625 0.246000
5530.374512 0.247000
5553.437012 0.248000
5576.584473 0.249000
5599.000000 0.250000
5621.577148 0.251000
5645.331543 0.252000
5669.088379 0.253000
5692.459473 0.254000
5716.215332 0.255000
5740.366699 0.256000
5764.562500 0.257000
5787.536133 0.258000
5810.533691 0.259000
5834.353027 0.260000
5857.780762 0.261000
5881.608398 0.262000
5905.221680 0.263000
5928.768066 0.264000
5952.404785 0.265000
5975.873047 0.266000
6000.020996 0.267000
6023.990234 0.268000
6048.189941 0.269000
6072.323242 0.270000
6096.559570 0.271000
6120.646484 0.272000
6144.930664 0.273000
6169.571289 0.274000
6194.311035 0.275000
6218.990723 0.276000
6243.387695 0.277000
6268.840820 0.278000
6293.265137 0.279000
6317.733887 0.280000
6343.015137 0.281000
6367.859375 0.282000
6392.813965 0.283000
6417.403809 0.284000
6442.882813 0.285000
6468.125488 0.286000
6493.059082 0.287000
6518.045898 0.288000
6543.432129 0.289000
6569.089355 0.290000
6595.954590 0.291000
6622.069336 0.292000
6647.457520 0.293000
6674.162109 0.294000
6700.488770 0.295000
6725.957031 0.296000
6751.046875 0.297000
6776.896484 0.298000
6803.025391 0.299000
6829.267578 0.300000
6856.509766 0.301000
6883.547852 0.302000
6910.359375 0.303000
6936.788574 0.304000
6964.101074 0.305000
6990.755371 0.306000
7017.589355 0.307000
7044.618652 0.308000
7071.688477 0.309000
7098.122559 0.310000
7125.217285 0.311000
7151.990723 0.312000
7179.395508 0.313000
7207.199219 0.314000
7235.261719 0.314999
7263.608887 0.315999
7291.352051 0.316999
7319.225098 0.317999
7347.570801 0.318999
7375.812988 0.319999
7403.913086 0.320999
7433.089844 0.321999
7461.252930 0.322999
7489.879395 0.323999
7517.968262 0.324999
7546.425781 0.325999
7575.277832 0.326999
7603.373047 0.327999
7633.429688 0.328999
7661.672852 0.329999
7690.622559 0.330999
7719.765625 0.331999
7748.090820 0.332999
7777.499023 0.333999
7808.535645 0.334999
7838.033203 0.335999
7867.086914 0.336999
7896.831055 0.337999
7927.977051 0.338999
7958.048340 0.339999
7988.479004 0.340999
8018.293457 0.341999
8048.956543 0.342999
8079.539551 0.343999
8108.961914 0.344999
8138.445801 0.345999
8168.588379 0.346999
8199.301758 0.347999
8229.640625 0.348999
8259.733398 0.349999
8289.721680 0.350999
8319.040039 0.351999
8350.501953 0.352999
8380.280273 0.353999
8409.680664 0.354999
8439.442383 0.355999
8469.319336 0.356999
8498.908203 0.357999
8528.968750 0.358999
8560.160156 0.359999
8590.156250 0.360999
8620.544922 0.361999
8650.112305 0.362999
8680.136719 0.363999
8709.219727 0.364999
8738.286133 0.365999
8767.164063 0.366999
8796.886719 0.367999
8826.515625 0.368999
8855.433594 0.369999
8885.405273 0.370999
8914.501953 0.371999
8944.115234 0.372999
8973.082031 0.373999
9003.217773 0.374999
9031.964844 0.375999
9061.243164 0.376999
9090.290039 0.377999
9117.901367 0.378999
9146.507813 0.379999
9176.536133 0.380999
9205.168945 0.381999
9233.166016 0.382999
9261.278320 0.383999
9288.917969 0.384999
9316.943359 0.385999
9345.458008 0.386999
9373.332031 0.387999
9402.614258 0.388999
9431.422852 0.389999
9459.639648 0.390999
9489.223633 0.391998
9516.627930 0.392998
9545.378906 0.393998
9572.716797 0.394998
9600.995117 0.395998
9628.249023 0.396998
9656.554688 0.397998
9683.824219 0.398998
9710.809570 0.399998
9738.304688 0.400998
9765.767578 0.401998
9793.146484 0.402998
9820.498047 0.403998
9847.832031 0.404998
9875.258789 0.405998
9902.862305 0.406998
9930.779297 0.407998
9957.816406 0.408998
9984.817383 0.409998
10012.621094 0.410998
10040.496094 0.411998
10068.430664 0.412998
10096.047852 0.413998
10123.319336 0.414998
10151.633789 0.415998
10179.257813 0.416998
10206.918945 0.417998
10235.552734 0.418998
10262.940430 0.419998
10290.892578 0.420998
10318.590820 0.421998
10347.191406 0.422998
10375.241211 0.423998
10403.317383 0.424998
10431.443359 0.425998
10461.197266 0.426998
10490.242188 0.427998
10518.835938 0.428998
10546.943359 0.429998
10576.211914 0.430998
10605.547852 0.431998
10634.041992 0.432998
10663.108398 0.433998
10691.283203 0.434998
10720.401367 0.435998
10748.664063 0.436998
10776.639648 0.437998
10806.152344 0.438998
10834.583008 0.439998
10864.429688 0.440998
10893.160156 0.441998
10922.291016 0.442998
10950.521484 0.443998
10979.251953 0.444998
11008.232422 0.445998
11037.717773 0.446998
11066.936523 0.447998
11096.015625 0.448998
11124.992188 0.449998
11154.233398 0.450998
11183.206055 0.451998
11212.209961 0.452998
11240.968750 0.453998
11269.806641 0.454998
11298.624023 0.455998
11328.303711 0.456998
11357.792969 0.457998
11387.090820 0.458998
11416.523438 0.459998
11446.003906 0.460998
11475.123047 0.461998
11504.579102 0.462998
11533.327148 0.463998
11562.304688 0.464998
11591.194336 0.465998
11620.443359 0.466998
11649.283203 0.467998
11678.169922 0.468998
11707.243164 0.469997
11736.055664 0.470997
11764.600586 0.471997
11793.094727 0.472997
11821.226563 0.473997
11850.177734 0.474997
11878.541992 0.475997
11906.479492 0.476997
11935.015625 0.477997
11963.997070 0.478997
11993.070313 0.479997
12022.946289 0.480997
12052.622070 0.481997
12081.585938 0.482997
12110.098633 0.483997
12139.651367 0.484997
12168.388672 0.485997
12197.159180 0.486997
12225.921875 0.487997
12254.566406 0.488997
12284.699219 0.489997
12314.429688 0.490997
12343.051758 0.491997
12372.360352 0.492997
12401.904297 0.493997
12431.799805 0.494997
12460.867188 0.495997
12490.112305 0.496997
12518.775391 0.497997
12547.744141 0.498997
12575.941406 0.499997
12604.784180 0.500997
12633.877930 0.501997
12662.401367 0.502997
12690.850586 0.503997
12719.452148 0.504997
12747.496094 0.505997
12775.491211 0.506997
12803.932617 0.507997
12832.813477 0.508997
12860.807617 0.509997
12889.845703 0.510997
12918.628906 0.511997
12946.862305 0.512997
12976.018555 0.513997
13005.993164 0.514997
13034.813477 0.515997
13063.402344 0.516997
13091.653320 0.517997
13120.927734 0.518997
13149.048828 0.519997
13177.458984 0.520997
13205.786133 0.521997
13234.065430 0.522997
13261.877930 0.523997
13289.888672 0.524997
13317.815430 0.525997
13346.232422 0.526997
13374.406250 0.527997
13402.048828 0.528997
13430.146484 0.529997
13457.976563 0.530997
13485.818359 0.531997
13513.936523 0.532997
13542.122070 0.533997
13569.685547 0.534997
13597.908203 0.535997
13626.536133 0.536997
13653.873047 0.537997
13682.590820 0.538997
13711.597656 0.539997
13740.162109 0.540997
13768.947266 0.541997
13796.727539 0.542997
13824.899414 0.543997
13853.712891 0.544997
13881.971680 0.545997
13910.064453 0.546997
13938.449219 0.547997
13966.465820 0.548997
13994.799805 0.549996
14023.228516 0.550996
14052.012695 0.551996
14081.346680 0.552996
14110.311523 0.553996
14139.710938 0.554996
14168.184570 0.555996
14196.623047 0.556996
14224.744141 0.557996
14253.596680 0.558996
14282.739258 0.559996
14312.415039 0.560996
14340.723633 0.561996
14370.326172 0.562996
14398.479492 0.563996
14426.998047 0.564996
14456.348633 0.565996
14486.436523 0.566996
14516.076172 0.567996
14545.190430 0.568996
14574.287109 0.569996
14603.213867 0.570996
14633.180664 0.571996
14663.186523 0.572996
14692.546875 0.573996
14722.131836 0.574996
14751.543945 0.575996
14780.521484 0.576996
14809.757813 0.577996
14839.114258 0.578996
14868.394531 0.579996
14896.982422 0.580996
14926.039063 0.581996
14955.227539 0.582996
14984.771484 0.583996
15014.717773 0.584996
15044.362305 0.585996
15073.159180 0.586996
15102.137695 0.587996
15131.682617 0.588996
15161.290039 0.589996
15191.000977 0.590996
15221.209961 0.591996
15250.847656 0.592996
15280.730469 0.593996
15310.039063 0.594996
15339.526367 0.595996
15368.827148 0.596996
15398.244141 0.597996
15428.140625 0.598996
15457.861328 0.599996
15487.855469 0.600996
15517.591797 0.601996
15547.976563 0.602996
15577.976563 0.603996
15607.844727 0.604996
15637.705078 0.605996
15667.417969 0.606996
15697.467773 0.607996
15727.572266 0.608996
15758.139648 0.609996
15788.375000 0.610996
15818.572266 0.611996
15848.964844 0.612996
15879.064453 0.613996
15909.206055 0.614996
15940.444336 0.615996
15971.210938 0.616996
16002.312500 0.617996
16032.752930 0.618996
16063.137695 0.619996
16094.144531 0.620996
16125.144531 0.621996
16155.570313 0.622996
16186.446289 0.623996
16217.231445 0.624996
16248.345703 0.625996
16280.374023 0.626996
16311.869141 0.627995
16343.179688 0.628995
16374.568359 0.629995
16405.275391 0.630995
16436.500000 0.631995
16467.824219 0.632995
16500.318359 0.633995
16531.337891 0.634995
16562.429688 0.635995
16593.160156 0.636995
16624.593750 0.637995
16655.560547 0.638995
16686.658203 0.639995
16718.281250 0.640995
16749.882813 0.641995
16781.326172 0.642995
16813.251953 0.643995
16844.992188 0.644995
16876.734375 0.645995
16908.660156 0.646995
16940.337891 0.647995
16972.554688 0.648995
17004.341797 0.649995
17036.158203 0.650995
17068.271484 0.651995
17100.826172 0.652995
17133.130859 0.653995
17164.640625 0.654995
17196.804688 0.655995
17229.359375 0.656995
17261.830078 0.657995
17294.558594 0.658995
17326.691406 0.659995
17358.537109 0.660995
17390.138672 0.661995
17421.892578 0.662995
17453.761719 0.663995
17485.406250 0.664995
17517.433594 0.665995
17550.128906 0.666995
17583.072266 0.667995
17615.048828 0.668995
17647.478516 0.669995
17679.693359 0.670995
17712.246094 0.671995
17744.814453 0.672995
17777.109375 0.673995
17809.535156 0.674995
17841.732422 0.675995
17874.044922 0.676995
17906.365234 0.677995
17939.054688 0.678995
17971.378906 0.679995
18004.236328 0.680995
18036.058594 0.681995
18067.992188 0.682995
18100.511719 0.683995
18133.783203 0.684995
18166.203125 0.685995
18199.445313 0.686995
18232.464844 0.687995
18265.681641 0.688995
18298.962891 0.689995
18331.849609 0.690995
18365.156250 0.691995
18397.933594 0.692995
18431.287109 0.693995
18464.574219 0.694995
18498.183594 0.695995
18532.330078 0.696995
18565.476563 0.697995
18598.796875 0.698995
18632.294922 0.699995
18666.134766 0.700995
18699.865234 0.701995
18734.794922 0.702995
18768.902344 0.703995
18802.769531 0.704994
18836.617188 0.705994
18870.501953 0.706994
18904.716797 0.707994
18939.664063 0.708994
18975.062500 0.709994
19009.414063 0.710994
19044.634766 0.711994
19079.703125 0.712994
19114.425781 0.713994
19148.082031 0.714994
19183.683594 0.715994
19218.505859 0.716994
19253.541016 0.717994
19288.041016 0.718994
19322.777344 0.719994
19358.314453 0.720994
19393.841797 0.721994
19429.046875 0.722994
19464.273438 0.723994
19499.343750 0.724994
19534.316406 0.725994
19569.464844 0.726994
19604.292969 0.727994
19639.048828 0.728994
19673.685547 0.729994
19708.751953 0.730994
19743.933594 0.731994
19778.537109 0.732994
19813.027344 0.733994
19847.873047 0.734994
19882.632813 0.735994
19917.056641 0.736994
19951.656250 0.737994
19987.072266 0.738994
20021.996094 0.739994
20056.445313 0.740994
20090.640625 0.741994
20125.789063 0.742994
20161.027344 0.743994
20195.759766 0.744994
20230.605469 0.745994
20266.072266 0.746994
20301.082031 0.747994
20335.875000 0.748994
20370.605469 0.749994
20405.812500 0.750994
20440.429688 0.751994
20476.291016 0.752994
20511.478516 0.753994
20546.390625 0.754994
20581.650391 0.755994
20616.853516 0.756994
20652.601563 0.757994
20687.755859 0.758994
20723.615234 0.759994
20758.859375 0.760994
20794.460938 0.761994
20829.492188 0.762994
20864.529297 0.763994
20899.941406 0.764994
20935.117188 0.765994
20970.017578 0.766994
21004.962891 0.767994
21040.509766 0.768994
21075.931641 0.769994
21111.658203 0.770994
21146.953125 0.771994
21183.316406 0.772994
21219.609375 0.773994
21255.818359 0.774994
21291.701172 0.775994
21327.164063 0.776994
21363.179688 0.777994
21398.685547 0.778994
21433.818359 0.779994
21469.083984 0.780994
21504.927734 0.781994
21540.535156 0.782993
21575.400391 0.783993
21610.712891 0.784993
21645.509766 0.785993
21681.144531 0.786993
21716.169922 0.787993
21751.607422 0.788993
21786.617188 0.789993
21821.201172 0.790993
21855.818359 0.791993
21890.748047 0.792993
21926.054688 0.793993
21961.589844 0.794993
21997.826172 0.795993
22033.382813 0.796993
22068.212891 0.797993
22103.050781 0.798993
22137.861328 0.799993
22172.169922 0.800993
22207.185547 0.801993
22242.333984 0.802993
22276.947266 0.803993
22311.378906 0.804993
22346.142578 0.805993
22381.919922 0.806993
22417.298828 0.807993
22452.437500 0.808993
22487.830078 0.809993
22523.851563 0.810993
22559.140625 0.811993
22594.691406 0.812993
22629.962891 0.813993
22664.833984 0.814993
22700.482422 0.815993
22735.701172 0.816993
22770.656250 0.817993
22806.199219 0.818993
22841.470703 0.819993
22876.685547 0.820993
22911.810547 0.821993
22946.771484 0.822993
22982.261719 0.823993
23017.357422 0.824993
23053.542969 0.825993
23088.914063 0.826993
23124.843750 0.827993
23160.601563 0.828993
23196.427734 0.829993
23232.507813 0.830993
23267.634766 0.831993
23303.097656 0.832993
23338.945313 0.833993
23374.085938 0.834993
23409.683594 0.835993
23445.074219 0.836993
23480.375000 0.837993
23515.611328 0.838993
23550.658203 0.839993
23586.234375 0.840993
23622.150391 0.841993
23657.427734 0.842993
23692.964844 0.843993
23728.246094 0.844993
23763.820313 0.845993
23799.410156 0.846993
23834.548828 0.847993
23869.656250 0.848993
23906.181641 0.849993
23941.685547 0.850993
23977.236328 0.851993
24013.191406 0.852993
24048.339844 0.853993
24083.583984 0.854993
24118.566406 0.855993
24154.466797 0.856993
24189.378906 0.857993
24224.337891 0.858993
24259.630859 0.859993
24295.009766 0.860992
24330.298828 0.861992
24365.636719 0.862992
24401.917969 0.863992
24437.375000 0.864992
24473.361328 0.865992
24508.349609 0.866992
24543.736328 0.867992
24579.074219 0.868992
24614.869141 0.869992
24650.496094 0.870992
24685.410156 0.871992
24720.882813 0.872992
24756.376953 0.873992
24791.734375 0.874992
24827.244141 0.875992
24862.814453 0.876992
24898.205078 0.877992
24934.130859 0.878992
24970.005859 0.879992
25005.951172 0.880992
25041.333984 0.881992
25076.945313 0.882992
25112.273438 0.883992
25147.974609 0.884992
25183.798828 0.885992
25219.064453 0.886992
25254.326172 0.887992
25289.994141 0.888992
25326.041016 0.889992
25361.785156 0.890992
25397.558594 0.891992
25432.966797 0.892992
25468.642578 0.893992
25503.611328 0.894992
25539.318359 0.895992
25574.962891 0.896992
25609.957031 0.897992
25645.296875 0.898992
25681.009766 0.899992
25716.669922 0.900992
25752.363281 0.901992
25788.134766 0.902992
25823.777344 0.903992
25859.435547 0.904992
25895.142578 0.905992
25930.804688 0.906992
25967.251953 0.907992
26002.832031 0.908992
26038.417969 0.909992
26073.519531 0.910992
26109.023438 0.911992
26144.550781 0.912992
26179.875000 0.913992
26215.294922 0.914992
26250.937500 0.915992
26286.757813 0.916992
26322.050781 0.917992
26357.982422 0.918992
26393.443359 0.919992
26428.679688 0.920992
26463.890625 0.921992
26499.419922 0.922992
26535.117188 0.923992
26570.726563 0.924992
26606.195313 0.925992
26641.580078 0.926992
26677.203125 0.927992
26712.906250 0.928992
26748.259766 0.929992
26784.779297 0.930992
26820.595703 0.931992
26856.523438 0.932992
26892.585938 0.933992
26928.816406 0.934992
26964.640625 0.935992
27000.148438 0.936992
27035.437500 0.937991
27071.431641 0.938991
27107.308594 0.939991
27142.982422 0.940991
27178.902344 0.941991
27215.138672 0.942991
27251.527344 0.943991
27287.248047 0.944991
27323.210938 0.945991
27359.521484 0.946991
27395.726563 0.947991
27431.869141 0.948991
27467.753906 0.949991
27503.757813 0.950991
27539.664063 0.951991
27576.013672 0.952991
27612.373047 0.953991
27648.787109 0.954991
27685.339844 0.955991
27721.996094 0.956991
27758.380859 0.957991
27795.169922 0.958991
27831.335938 0.959991
27868.289063 0.960991
27904.914063 0.961991
27941.585938 0.962991
27978.521484 0.963991
28014.863281 0.964991
28051.503906 0.965991
28088.027344 0.966991
28124.455078 0.967991
28161.333984 0.968991
28197.535156 0.969991
28234.310547 0.970991
28270.917969 0.971991
28308.128906 0.972991
28344.761719 0.973991
28380.994141 0.974991
28417.726563 0.975991
28454.220703 0.976991
28490.949219 0.977991
28527.748047 0.978991
28564.527344 0.979991
28601.447266 0.980991
28638.312500 0.981991
28675.302734 0.982991
28711.894531 0.983991
28749.386719 0.984991
28786.925781 0.985991
28823.750000 0.986991
28861.072266 0.987991
28897.400391 0.988991
28934.783203 0.989991
28971.978516 0.990991
29010.156250 0.991991
29047.503906 0.992991
29085.566406 0.993991
29122.560547 0.994991
29159.488281 0.995991
29196.533203 0.996991
29233.683594 0.997991
29271.074219 0.998991
29308.833984 0.999991
29345.910156 1.000991
29382.982422 1.001991
29419.917969 1.002991
29457.138672 1.003991
29494.037109 1.004991
29531.140625 1.005991
29567.912109 1.006991
29604.835938 1.007991
29641.810547 1.008991
29678.660156 1.009991
29715.519531 1.010991
29753.048828 1.011991
29791.041016 1.012991
29828.941406 1.013991
29866.197266 1.014991
29903.656250 1.015991
29940.970703 1.016991
29977.697266 1.017992
30014.781250 1.018992
30051.009766 1.019992
30087.859375 1.020992
30124.544922 1.021992
30161.191406 1.022992
30197.414063 1.023992
30233.867188 1.024992
30271.291016 1.025992
30307.662109 1.026992
30344.257813 1.027992
30381.279297 1.028992
30418.275391 1.029992
30455.093750 1.030992
30492.115234 1.031992
30529.039063 1.032992
30566.048828 1.033992
30602.955078 1.034992
30639.982422 1.035992
30677.181641 1.036992
30715.132813 1.037992
30752.818359 1.038993
30790.441406 1.039993
30827.500000 1.040993
30865.128906 1.041993
30902.566406 1.042993
30940.048828 1.043993
30977.574219 1.044993
31015.375000 1.045993
31053.341797 1.046993
31091.031250 1.047993
31128.775391 1.048993
31165.878906 1.049993
31203.175781 1.050993
31240.533203 1.051993
31277.753906 1.052993
31314.835938 1.053993
31351.929688 1.054993
31389.783203 1.055993
31427.121094 1.056993
31464.787109 1.057993
31502.279297 1.058993
31539.302734 1.059994
31575.998047 1.060994
31613.472656 1.061994
31650.224609 1.062994
31687.185547 1.063994
31724.316406 1.064994
31761.427734 1.065994
31798.634766 1.066994
31836.410156 1.067994
31874.964844 1.068994
31912.595703 1.069994
31949.853516 1.070994
31987.527344 1.071994
32024.703125 1.072994
32062.181641 1.073994
32099.572266 1.074994
32136.833984 1.075994
32174.478516 1.076994
32211.740234 1.077994
32248.890625 1.078994
32286.503906 1.079994
32323.859375 1.080994
32361.361328 1.081995
32398.767578 1.082995
32436.267578 1.083995
32473.751953 1.084995
32511.337891 1.085995
32549.083984 1.086995
32586.449219 1.087995
32623.447266 1.088995
32660.873047 1.089995
32697.958984 1.090995
32735.916016 1.091995
32773.410156 1.092995
32810.992188 1.093995
32848.417969 1.094995
32885.582031 1.095995
32923.562500 1.096995
32961.285156 1.097995
32999.066406 1.098995
33036.855469 1.099995
33074.492188 1.100995
33112.515625 1.101995
33150.453125 1.102996
33187.867188 1.103996
33225.148438 1.104996
33262.640625 1.105996
33300.097656 1.106996
33337.835938 1.107996
33375.449219 1.108996
33412.964844 1.109996
33450.972656 1.110996
33488.976563 1.111996
33526.878906 1.112996
33564.691406 1.113996
33602.339844 1.114996
33640.304688 1.115996
33678.347656 1.116996
33716.097656 1.117996
33753.808594 1.118996
33791.187500 1.119996
33829.175781 1.120996
33867.230469 1.121996
33904.882813 1.122996
33942.339844 1.123996
33979.949219 1.124997
34017.468750 1.125997
34054.636719 1.126997
34091.699219 1.127997
34128.914063 1.128997
34166.765625 1.129997
34204.679688 1.130997
34242.863281 1.131997
34281.054688 1.132997
34319.281250 1.133997
34357.335938 1.134997
34395.105469 1.135997
34433.402344 1.136997
34471.886719 1.137997
34510.441406 1.138997
34548.050781 1.139997
34585.757813 1.140997
34623.796875 1.141997
34662.089844 1.142997
34700.421875 1.143997
34739.296875 1.144997
34777.617188 1.145998
34816.042969 1.146998
34854.480469 1.147998
34893.222656 1.148998
34931.699219 1.149998
34970.558594 1.150998
35010.316406 1.151998
35048.878906 1.152998
35087.093750 1.153998
35126.207031 1.154998
35165.593750 1.155998
35204.699219 1.156998
35243.855469 1.157998
35282.519531 1.158998
35321.433594 1.159998
35360.140625 1.160998
35399.097656 1.161998
35437.875000 1.162998
35476.261719 1.163998
35514.921875 1.164998
35554.125000 1.165998
35592.531250 1.166999
35631.457031 1.167999
35670.000000 1.168999
35708.246094 1.169999
35746.878906 1.170999
35785.308594 1.171999
35823.898438 1.172999
35862.605469 1.173999
35901.367188 1.174999
35939.800781 1.175999
35978.164063 1.176999
36016.457031 1.177999
36054.921875 1.178999
36093.363281 1.179999
36131.468750 1.180999
36170.046875 1.181999
36208.578125 1.182999
36247.089844 1.183999
36285.335938 1.184999
36323.488281 1.185999
36362.246094 1.186999
36400.753906 1.187999
36439.648438 1.189000
36478.437500 1.190000
36517.476563 1.191000
36556.605469 1.192000
36595.464844 1.193000
36634.421875 1.194000
36673.171875 1.195000
36712.113281 1.196000
36751.093750 1.197000
36790.152344 1.198000
36828.941406 1.199000
36868.085938 1.200000
36907.167969 1.201000
36946.460938 1.202000
36985.906250 1.203000
37025.085938 1.204000
37064.496094 1.205000
37103.886719 1.206000
37143.496094 1.207000
37183.269531 1.208000
37222.484375 1.209000
37261.476563 1.210001
37300.429688 1.211001
37339.234375 1.212001
37378.765625 1.213001
37417.902344 1.214001
37456.894531 1.215001
37496.000000 1.216001
37535.105469 1.217001
37574.792969 1.218001
37614.449219 1.219001
37654.074219 1.220001
37694.312500 1.221001
37734.613281 1.222001
37774.648438 1.223001
37814.570313 1.224001
37854.710938 1.225001
37894.945313 1.226001
37935.132813 1.227001
37975.363281 1.228001
38015.058594 1.229001
38054.414063 1.230001
38093.992188 1.231001
38133.832031 1.232002
38174.011719 1.233002
38213.785156 1.234002
38253.734375 1.235002
38293.632813 1.236002
38332.960938 1.237002
38372.597656 1.238002
38412.632813 1.239002
38452.433594 1.240002
38491.957031 1.241002
38531.574219 1.242002
38571.453125 1.243002
38611.496094 1.244002
38651.402344 1.245002
38691.035156 1.246002
38731.191406 1.247002
38770.746094 1.248002
38810.425781 1.249002
38849.246094 1.250002
38888.687500 1.251002
38927.953125 1.252002
38967.753906 1.253003
39007.640625 1.254003
39047.164063 1.255003
39086.898438 1.256003
39126.546875 1.257003
39165.937500 1.258003
39205.785156 1.259003
39245.695313 1.260003
39285.710938 1.261003
39325.742188 1.262003
39365.593750 1.263003
39405.066406 1.264003
39444.621094 1.265003
39483.871094 1.266003
39523.125000 1.267003
39562.453125 1.268003
39602.027344 1.269003
39641.449219 1.270003
39680.136719 1.271003
39718.843750 1.272003
39758.472656 1.273003
39798.058594 1.274004
39837.550781 1.275004
39877.003906 1.276004
39916.320313 1.277004
39955.503906 1.278004
39994.785156 1.279004
40034.031250 1.280004
40073.160156 1.281004
40112.332031 1.282004
40151.214844 1.283004
40189.972656 1.284004
40228.789063 1.285004
40267.488281 1.286004
40306.531250 1.287004
40345.703125 1.288004
40384.570313 1.289004
40423.351563 1.290004
40462.511719 1.291004
40501.746094 1.292004
40541.312500 1.293004
40580.027344 1.294004
40619.167969 1.295004
40658.492188 1.296005
40698.011719 1.297005
40737.367188 1.298005
40777.281250 1.299005
40817.152344 1.300005
40857.378906 1.301005
40896.875000 1.302005
40936.203125 1.303005
40976.066406 1.304005
41015.503906 1.305005
41055.441406 1.306005
41094.664063 1.307005
41133.503906 1.308005
41172.542969 1.309005
41211.746094 1.310005
41251.519531 1.311005
41291.101563 1.312005
41330.820313 1.313005
41370.210938 1.314005
41409.144531 1.315005
41448.218750 1.316005
41487.746094 1.317006
41527.058594 1.318006
41567.144531 1.319006
41607.027344 1.320006
41646.835938 1.321006
41686.542969 1.322006
41725.992188 1.323006
41765.234375 1.324006
41804.863281 1.325006
41844.617188 1.326006
41884.261719 1.327006
41923.882813 1.328006
41963.863281 1.329006
42003.777344 1.330006
42043.234375 1.331006
42082.273438 1.332006
42121.769531 1.333006
42161.453125 1.334006
42201.058594 1.335006
42240.289063 1.336006
42280.433594 1.337006
42320.710938 1.338006
42360.398438 1.339007
42399.800781 1.340007
42439.078125 1.341007
42478.597656 1.342007
42518.812500 1.343007
42558.917969 1.344007
42598.265625 1.345007
42637.847656 1.346007
42677.339844 1.347007
42716.261719 1.348007
42755.246094 1.349007
42794.585938 1.350007
42834.324219 1.351007
42874.000000 1.352007
42912.878906 1.353007
42951.691406 1.354007
42990.519531 1.355007
43029.453125 1.356007
43069.031250 1.357007
43109.601563 1.358007
43150.515625 1.359007
43191.433594 1.360008
43231.843750 1.361008
43272.460938 1.362008
43313.371094 1.363008
43353.718750 1.364008
43393.917969 1.365008
43434.050781 1.366008
43474.378906 1.367008
43514.136719 1.368008
43554.031250 1.369008
43593.777344 1.370008
43633.597656 1.371008
43673.691406 1.372008
43713.597656 1.373008
43753.863281 1.374008
43793.960938 1.375008
43833.980469 1.376008
43873.531250 1.377008
43913.210938 1.378008
43953.125000 1.379008
43993.031250 1.380008
44032.792969 1.381009
44072.699219 1.382009
44113.746094 1.383009
44154.132813 1.384009
44194.367188 1.385009
44234.531250 1.386009
44274.265625 1.387009
44314.179688 1.388009
44353.792969 1.389009
44394.085938 1.390009
44434.640625 1.391009
44475.097656 1.392009
44515.269531 1.393009
44555.062500 1.394009
44594.921875 1.395009
44634.500000 1.396009
44674.335938 1.397009
44713.734375 1.398009
44753.167969 1.399009
44792.457031 1.400009
44831.476563 1.401009
44871.082031 1.402009
44910.156250 1.403010
44949.101563 1.404010
44988.339844 1.405010
45027.753906 1.406010
45067.480469 1.407010
45107.753906 1.408010
45147.535156 1.409010
45186.644531 1.410010
45226.093750 1.411010
45265.363281 1.412010
45304.535156 1.413010
45343.609375 1.414010
45382.152344 1.415010
45420.835938 1.416010
45459.925781 1.417010
45498.777344 1.418010
45537.824219 1.419010
45577.148438 1.420010
45616.328125 1.421010
45655.261719 1.422010
45694.210938 1.423010
45732.718750 1.424011
45771.460938 1.425011
45810.246094 1.426011
45849.492188 1.427011
45888.406250 1.428011
45927.687500 1.429011
45966.539063 1.430011
46005.492188 1.431011
46044.644531 1.432011
46083.660156 1.433011
46122.320313 1.434011
46161.222656 1.435011
46200.437500 1.436011
46239.410156 1.437011
46279.046875 1.438011
46318.566406 1.439011
46357.531250 1.440011
46396.777344 1.441011
46435.781250 1.442011
46475.363281 1.443011
46514.976563 1.444011
46554.644531 1.445011
46593.976563 1.446012
46633.402344 1.447012
46672.476563 1.448012
46711.765625 1.449012
46751.257813 1.450012
46790.933594 1.451012
46830.539063 1.452012
46870.113281 1.453012
46909.570313 1.454012
46948.984375 1.455012
46988.097656 1.456012
47027.839844 1.457012
47066.992188 1.458012
47106.441406 1.459012
47145.539063 1.460012
47185.117188 1.461012
47224.699219 1.462012
47264.308594 1.463012
47303.609375 1.464012
47343.703125 1.465012
47383.480469 1.466012
47423.515625 1.467013
47463.390625 1.468013
47503.394531 1.469013
47543.359375 1.470013
47583.628906 1.471013
47623.507813 1.472013
47663.632813 1.473013
47703.539063 1.474013
47744.035156 1.475013
47783.832031 1.476013
47823.855469 1.477013
47863.703125 1.478013
47903.988281 1.479013
47944.011719 1.480013
47983.632813 1.481013
48023.347656 1.482013
48063.562500 1.483013
48103.566406 1.484013
48143.312500 1.485013
48183.527344 1.486013
48223.523438 1.487013
48262.937500 1.488014
48303.000000 1.489014
48342.886719 1.490014
48383.039063 1.491014
48423.277344 1.492014
48462.503906 1.493014
48501.574219 1.494014
48540.820313 1.495014
48580.898438 1.496014
48621.089844 1.497014
48661.062500 1.498014
48701.191406 1.499014
48740.566406 1.500014
48780.253906 1.501014
48820.191406 1.502014
48859.738281 1.503014
48899.277344 1.504014
48938.355469 1.505014
48977.542969 1.506014
49017.269531 1.507014
49056.460938 1.508014
49095.902344 1.509014
49134.593750 1.510015
49173.550781 1.511015
49213.507813 1.512015
49252.199219 1.513015
49291.695313 1.514015
49331.433594 1.515015
49370.832031 1.516015
49410.472656 1.517015
49449.820313 1.518015
49489.402344 1.519015
49528.675781 1.520015
49568.191406 1.521015
49607.726563 1.522015
49647.171875 1.523015
49686.582031 1.524015
49726.156250 1.525015
49765.175781 1.526015
49804.652344 1.527015
49843.410156 1.528015
49882.945313 1.529015
49921.679688 1.530015
49960.394531 1.531016
49999.035156 1.532016
50038.667969 1.533016
50077.496094 1.534016
50116.527344 1.535016
50155.769531 1.536016
50194.796875 1.537016
50233.812500 1.538016
50272.824219 1.539016
50312.152344 1.540016
50350.824219 1.541016
50389.421875 1.542016
50428.503906 1.543016
50467.519531 1.544016
50506.394531 1.545016
50545.296875 1.546016
50584.300781 1.547016
50622.988281 1.548016
50661.445313 1.549016
50699.972656 1.550016
50738.492188 1.551016
50778.375000 1.552016
50817.125000 1.553017
50856.597656 1.554017
50895.992188 1.555017
50935.503906 1.556017
50974.296875 1.557017
51013.238281 1.558017
51052.269531 1.559017
51091.632813 1.560017
51130.910156 1.561017
51170.218750 1.562017
51209.246094 1.563017
51249.132813 1.564017
51288.664063 1.565017
51328.378906 1.566017
51367.875000 1.567017
51407.582031 1.568017
51447.519531 1.569017
51486.867188 1.570017
51526.003906 1.571017
51565.226563 1.572017
51604.375000 1.573017
51643.593750 1.574018
51682.382813 1.575018
51721.339844 1.576018
51760.171875 1.577018
51799.062500 1.578018
51837.714844 1.579018
51876.117188 1.580018
51914.910156 1.581018
51954.359375 1.582018
51993.691406 1.583018
52032.730469 1.584018
52071.507813 1.585018
52110.695313 1.586018
52150.187500 1.587018
52188.917969 1.588018
52227.894531 1.589018
52267.000000 1.590018
52305.582031 1.591018
52344.972656 1.592018
52384.285156 1.593018
52422.925781 1.594018
52461.949219 1.595019
52500.406250 1.596019
52539.250000 1.597019
52578.429688 1.598019
52616.835938 1.599019
52655.312500 1.600019
52693.671875 1.601019
52732.593750 1.602019
52771.140625 1.603019
52810.066406 1.604019
52848.667969 1.605019
52887.515625 1.606019
52926.367188 1.607019
52965.191406 1.608019
53004.175781 1.609019
53042.984375 1.610019
53081.789063 1.611019
53120.343750 1.612019
53158.898438 1.613019
53197.308594 1.614019
53235.816406 1.615019
53274.242188 1.616019
53312.902344 1.617020
53351.414063 1.618020
53390.125000 1.619020
53428.894531 1.620020
53467.589844 1.621020
53506.250000 1.622020
53545.414063 1.623020
53584.207031 1.624020
53622.859375 1.625020
53661.574219 1.626020
53700.437500 1.627020
53738.808594 1.628020
53777.152344 1.629020
53815.828125 1.630020
53854.191406 1.631020
53892.480469 1.632020
53931.054688 1.633020
53969.347656 1.634020
54007.410156 1.635020
54045.570313 1.636020
54084.167969 1.637020
54122.445313 1.638021
54160.648438 1.639021
54198.832031 1.640021
54236.894531 1.641021
54274.824219 1.642021
54312.855469 1.643021
54350.406250 1.644021
54388.546875 1.645021
54426.359375 1.646021
54464.367188 1.647021
54502.574219 1.648021
54540.582031 1.649021
54578.410156 1.650021
54616.734375 1.651021
54654.796875 1.652021
54692.871094 1.653021
54731.457031 1.654021
54769.882813 1.655021
54808.140625 1.656021
54846.453125 1.657021
54884.765625 1.658021
54923.238281 1.659021
54961.664063 1.660022
54999.824219 1.661022
55038.382813 1.662022
55077.042969 1.663022
55115.328125 1.664022
55153.824219 1.665022
55192.359375 1.666022
55230.703125 1.667022
55268.945313 1.668022
55307.257813 1.669022
55345.761719 1.670022
55384.199219 1.671022
55422.523438 1.672022
55460.832031 1.673022
55499.320313 1.674022
55537.316406 1.675022
55575.496094 1.676022
55613.589844 1.677022
55651.757813 1.678022
55689.906250 1.679022
55727.781250 1.680022
55765.746094 1.681023
55803.921875 1.682023
55841.750000 1.683023
55879.867188 1.684023
55918.066406 1.685023
55956.054688 1.686023
55993.980469 1.687023
56032.031250 1.688023
56070.417969 1.689023
56108.472656 1.690023
56146.531250 1.691023
56184.761719 1.692023
56222.761719 1.693023
56260.609375 1.694023
56298.710938 1.695023
56336.988281 1.696023
56375.187500 1.697023
56413.292969 1.698023
56451.460938 1.699023
56489.613281 1.700023
56527.664063 1.701023
56565.632813 1.702024
56603.882813 1.703024
56641.835938 1.704024
56679.906250 1.705024
56718.125000 1.706024
56756.574219 1.707024
56794.535156 1.708024
56832.832031 1.709024
56870.984375 1.710024
56909.468750 1.711024
56947.746094 1.712024
56986.781250 1.713024
57025.453125 1.714024
57063.765625 1.715024
57102.382813 1.716024
57140.964844 1.717024
57179.625000 1.718024
57218.246094 1.719024
57256.816406 1.720024
57295.199219 1.721024
57333.582031 1.722024
57372.167969 1.723024
57409.968750 1.724025
57448.156250 1.725025
57486.234375 1.726025
57524.484375 1.727025
57562.906250 1.728025
57600.820313 1.729025
57638.957031 1.730025
57677.273438 1.731025
57715.425781 1.732025
57753.644531 1.733025
57791.730469 1.734025
57829.593750 1.735025
57867.636719 1.736025
57905.871094 1.737025
57943.660156 1.738025
57981.324219 1.739025
58019.359375 1.740025
58057.320313 1.741025
58094.996094 1.742025
58132.855469 1.743025
58170.621094 1.744025
58208.328125 1.745026
58245.781250 1.746026
58283.292969 1.747026
58321.027344 1.748026
58358.386719 1.749026
58396.234375 1.750026
58434.105469 1.751026
58471.546875 1.752026
58509.058594 1.753026
58546.613281 1.754026
58584.152344 1.755026
58621.906250 1.756026
58659.890625 1.757026
58697.636719 1.758026
58735.121094 1.759026
58772.628906 1.760026
58810.015625 1.761026
58847.511719 1.762026
58885.070313 1.763026
58922.445313 1.764026
58959.906250 1.765026
58997.312500 1.766026
59034.988281 1.767027
59072.773438 1.768027
59110.710938 1.769027
59149.089844 1.770027
59187.011719 1.771027
59224.953125 1.772027
59263.250000 1.773027
59301.082031 1.774027
59339.390625 1.775027
59377.785156 1.776027
59415.796875 1.777027
59454.312500 1.778027
59492.734375 1.779027
59530.812500 1.780027
59568.964844 1.781027
59607.207031 1.782027
59645.308594 1.783027
59683.144531 1.784027
59720.964844 1.785027
59758.511719 1.786027
59796.296875 1.787027
59834.523438 1.788028
59872.437500 1.789028
59910.156250 1.790028
59947.832031 1.791028
59985.976563 1.792028
60024.664063 1.793028
60062.613281 1.794028
60100.921875 1.795028
60138.835938 1.796028
60176.734375 1.797028
60214.777344 1.798028
60252.585938 1.799028
60290.332031 1.800028
60328.097656 1.801028
60366.449219 1.802028
60404.882813 1.803028
60443.082031 1.804028
60480.859375 1.805028
60520.039063 1.806028
60558.171875 1.807028
60596.250000 1.808028
60635.226563 1.809029
60673.753906 1.810029
60712.320313 1.811029
60750.503906 1.812029
60788.449219 1.813029
60827.039063 1.814029
60866.019531 1.815029
60904.074219 1.816029
60942.578125 1.817029
60981.484375 1.818029
61020.417969 1.819029
61058.562500 1.820029
61097.488281 1.821029
61136.085938 1.822029
61174.363281 1.823029
61212.527344 1.824029
61250.750000 1.825029
61288.804688 1.826029
61326.949219 1.827029
61364.781250 1.828029
61402.867188 1.829029
61440.945313 1.830029
61479.449219 1.831030
61517.621094 1.832030
61555.476563 1.833030
61593.402344 1.834030
61631.304688 1.835030
61669.093750 1.836030
61706.921875 1.837030
61744.566406 1.838030
61782.183594 1.839030
61819.839844 1.840030
61857.464844 1.841030
61895.050781 1.842030
61932.914063 1.843030
61970.757813 1.844030
62008.707031 1.845030
62047.445313 1.846030
62085.074219 1.847030
62122.769531 1.848030
62160.632813 1.849030
62198.207031 1.850030
62235.699219 1.851030
62273.304688 1.852031
62310.925781 1.853031
62348.792969 1.854031
62386.304688 1.855031
62423.875000 1.856031
62461.636719 1.857031
62499.367188 1.858031
62536.906250 1.859031
62574.496094 1.860031
62611.949219 1.861031
62649.625000 1.862031
62687.410156 1.863031
62724.941406 1.864031
62762.902344 1.865031
62800.703125 1.866031
62838.511719 1.867031
62876.566406 1.868031
62914.496094 1.869031
62952.335938 1.870031
62990.300781 1.871031
63028.355469 1.872031
63066.125000 1.873031
63103.785156 1.874032
63141.375000 1.875032
63179.011719 1.876032
63216.574219 1.877032
63254.109375 1.878032
63291.843750 1.879032
63329.425781 1.880032
63366.996094 1.881032
63404.671875 1.882032
63442.410156 1.883032
63480.437500 1.884032
63518.437500 1.885032
63556.855469 1.886032
63595.261719 1.887032
63633.621094 1.888032
63671.964844 1.889032
63709.863281 1.890032
63747.984375 1.891032
63785.953125 1.892032
63824.042969 1.893032
63862.703125 1.894032
63901.011719 1.895033
63939.347656 1.896033
63977.843750 1.897033
64016.300781 1.898033
64054.886719 1.899033
64093.476563 1.900033
64131.871094 1.901033
64170.175781 1.902033
64208.558594 1.903033
64246.847656 1.904033
64285.679688 1.905033
64324.105469 1.906033
64362.429688 1.907033
64400.777344 1.908033
64439.152344 1.909033
64477.449219 1.910033
64516.011719 1.911033
64554.480469 1.912033
64592.613281 1.913033
64631.136719 1.914033
64669.492188 1.915033
64707.691406 1.916034
64746.027344 1.917034
64784.265625 1.918034
64822.746094 1.919034
64861.054688 1.920034
64899.542969 1.921034
64937.734375 1.922034
64975.988281 1.923034
65014.269531 1.924034
65052.656250 1.925034
65090.988281 1.926034
65129.632813 1.927034
65168.144531 1.928034
65206.148438 1.929034
65244.277344 1.930034
65282.464844 1.931034
65320.433594 1.932034
65358.566406 1.933034
65396.296875 1.934034
65434.554688 1.935034
65472.480469 1.936034
65510.132813 1.937034
65547.859375 1.938035
65585.429688 1.939035
65623.031250 1.940035
65660.593750 1.941035
65698.242188 1.942035
65735.648438 1.943035
65773.460938 1.944035
65810.976563 1.945035
65848.757813 1.946035
65886.351563 1.947035
65924.343750 1.948035
65962.117188 1.949035
66000.031250 1.950035
66038.351563 1.951035
66076.039063 1.952035
66113.843750 1.953035
66151.742188 1.954035
66190.093750 1.955035
66228.093750 1.956035
66266.507813 1.957035
66304.453125 1.958035
66342.390625 1.959036
66380.421875 1.960036
66418.859375 1.961036
66457.117188 1.962036
66495.320313 1.963036
66533.617188 1.964036
66572.187500 1.965036
66610.265625 1.966036
66648.289063 1.967036
66686.328125 1.968036
66724.742188 1.969036
66763.375000 1.970036
66801.796875 1.971036
66840.296875 1.972036
66878.429688 1.973036
66916.890625 1.974036
66955.203125 1.975036
66993.843750 1.976036
67032.281250 1.977036
67070.625000 1.978036
67109.390625 1.979036
67147.804688 1.980036
67187.093750 1.981037
67225.640625 1.982037
67265.000000 1.983037
67303.859375 1.984037
67342.835938 1.985037
67382.320313 1.986037
67421.796875 1.987037
67460.906250 1.988037
67500.007813 1.989037
67539.093750 1.990037
67578.109375 1.991037
67616.335938 1.992037
67654.625000 1.993037
67692.515625 1.994037
67730.257813 1.995037
67767.937500 1.996037
67805.890625 1.997037
67843.484375 1.998037
67881.109375 1.999037
67919.039063 2.000037
67956.523438 2.001037
